$ANSIBLE_VAULT;1.1;AES256
36386563383064363633303862346434623630616262386230346334363561646633336330303864
6265623932376539653661346438303439666365326163620a303739356638613633323164333638
32636133313266306662326336303135353534303065643265393532353637343537376365366233
6639353830343831620a663634313765353735333132653634646635373736643431653936393733
38323634613064313636613938303132623766363862343138376664323733376662303631303235
35326236373030343835626161653934313335656466326138333965383039613463333965323638
38353238323631316430663133333031303336363736633930666264636339306561373766326233
33393336353166303035663932353739353437396632623964653961353962653561656262623237
32353831396636646338333431633265663165366330383639303338303130316236353130303638
66656631303037326236626633663231326163363632313835646334396138643632366332356162
38616534633636346432303636393133653031353862663739316234303931353837336139633430
31396561633938616665
