$ANSIBLE_VAULT;1.1;AES256
30326666616233343835346663333334613561356132653931393661643165666637633632656361
6539373030633861396537306537323932636639326233660a613432653165326633316133613565
34363239386233663434356132353665613639633335353539623531353933393237626536663836
3237396330303931650a383064386664313038353237303735393562366230373861313363366135
65663339373433666339646131616166616332376237646163313762646165653466386635643736
32336534656134396233636535316665363535396361353234643434383461626335656361333135
61653739396235343731306261376632633533623639636136303763393162316362353262323132
32343233326364643062343235343933643937633164623034376230616434626532613866643836
37303363336431396336663463326664623233316164393131353963646337313733663235323734
33653438323932323361316664663837356662323435623933613463626632663335336665303362
33393736623434353433633863663539366531306531303264363531353466343066343765313435
31343562346135356131653634303466323035613739636235323530313436323761326433666363
66303135313362643162316333383430626236363266663166653461613530333939666536323735
64613366363837313066376632656564613961313235353430346130313463306664313963663662
37396332326636316531663735616562656237363763643262306234613861336638346364383134
61336464303062623666333261643132633039613165396262396634653363323139386432326538
66343537646230323539303963653966356465643232633136316339653539353937663366306331
65303066393438376663616435633030356434333566353236663864613736623430313962363562
32666464343362363637353564663930316438393538333562346163393363326536623838353663
35353439346339326430346330393361663864346133633664663561666633363638323164343564
31363236386436313634373630666139376664336331353135363230333834346534353634633461
39386662636530363661646331373334323234373137323363323930363539323462316331366336
613763326532303765636237646661333232
