$ANSIBLE_VAULT;1.1;AES256
39343638363966306535653231323364333330633963376431313130666164353736626632353339
3166396664363830343032613565346337383232653034630a353533613730373032383430353332
31373564323261616133653335363430383961343263326238613835396561633130666432366530
3064343138363164350a623766393866663133623430336163623666646266313464653666373639
66313130383135656363313031316438313861396335636535353132353234363963396663323166
31613164623666386164303432373136656362646565653338613733636530363232363035303837
32303766653832336438343264633432346163316339353764623962613930653661383931623864
64366137333162653936383132633332623333653963346539393833623165373435306262366638
62663863346162353732376563666430633232383732306665616632393939303839303865393562
64333638663735613464656364636161643637343762636136383935343938346136336331346562
33363739366337613264353133393434623037636137333635633338396266383130363334376665
35316531366264393864393431376662626666666463643233326433616464666436313662343166
36366432383066363938363335386462393666356333616632623938383130376631666536666365
38343931663963313534373430323838623637323933616433303930376530663663386538323733
37656166363830326132636436616636306137306534366230646434383038623465396230363838
30303764613562613166393862396135373766333662663031326663316631396362353062626463
35623462656534303732666465636262623137393634623865353930393136613763323261653736
39653331383661656636626666653438306163666439666534346132356362396631613338353538
62306236613834303462343233613165613865623636626533323461396264316330376565396534
30316534666662353235353763353639353862376637343563306437333561646565656465383863
65356438616336623564623765376361326337316461356162303561633338393239613231333036
36376664376137396334336264653862353532366539616532646536383265656265373335396639
30356333323831353437343164386166643132363332663762326534383231653031333062653638
61636336383832383633
