$ANSIBLE_VAULT;1.1;AES256
30383635353064336333363362313830373731666231386139396532383430343234376332616630
3538313633643564393963616435643831376265663436380a316566323130393834346536316138
62626138653365373830313362373431303334386166373436306536643936653530343836323536
3264313063396665320a656565386535303335326437393838333934353839623265646638633234
66633339313363376139353636373063326539353232326638653563663139663365393735346165
30373265623865663138356165636566366334303666623463353861346365343437623363623332
37333263393830313832333262653331393633363139356664346361363631633465393066323662
31373062366239633032623937623733623835616366383234383636376162383835336530643761
65376438326130303063666162613265346236653365646463346535666163633836643038313738
36383061333137386262356536343131666234623634616237303230663665396665323139373736
65663565343265646265666661656632636564616435396465646466313335623631613631613833
35366330303666333930646331663965343266306538336436376133346635346130656639343963
64376132316331396439616263653164303038383336356166666535646431613664303432643032
35343234633735323233633163323463343036356266306438623966616631326438633063623064
65623930646132323232396561313062333165663663386237623236363966336563363039623438
36323764343566616630346633363037636363646238353263303963623134363434336266356438
32396361353131646634353431656135666439313963393439353034353263353433616564373564
33613935643961386635363533316262666532356133326337633436636264333861666531313662
37376538633335316331343461343034363332353938646530333531333963623239393131346266
36663835393465666539363439323630643539393836316331393761646662653239663365376138
65636161363538333236613636363161643265303838326664613333336436333038623133393839
38643235323737633537383265333964643462626533346432343835326436616261356430656239
34343034383563306162303733303465623562663731313437616132356331613266353432363661
31313037633035653361343135353533656164393135613936386337323335313261393439383932
36313563393139666638643364643561623162386436313337646564306533666533643436643065
38323137336635646438353062633861323763393731663564303531393964386561643763653337
64393133323137363065383235356638313335393766646231383339613437363639386632343831
37633563643734626536326331623630363235323430616535393836333362656561343135663036
35343635633237373261663435613964613839643531323930666665383164393931356361313835
31386135376264313135646563323131333931383833366131366333326232633666343332626565
64353863343963333233623033383832326135616135666633646232306436383164633136393037
34636237303964353139
